 12799 
 36027 
 46636 
 23201 
 54762 
 61138 
 68060 
 93192 
 74176 
 83524 
 101549 
 107179 
 115892 
 133242 
 121967 
 138427 
 143217 
 149215 
 155052 
 166320 
 160050 
 181907 
 171236 
 176225 
 187419 
 193150 
 198960 
 215395 
 209454 
 204321 
 231045 
 220401 
 241467 
 225347 
 247819 
 236279 
 252942 
 257862 
 263159 
 268523 
 273799 
 300489 
 294556 
 279283 
 284400 
 289344 
 305898 
 311765 
 317524 
 322604 
 327958 
 333374 
 338457 
 343509 
 349331 
 354304 
 359488 
 370173 
 365058 
 376134 
 381911 
 401860 
 3105169 
 1727051 
 774586 
 1011520 
 1921577 
 3422104 
 812460 
 4543313 
 2374240 
 2109146 
 1048711 
 856341 
 2792179 
 3191403 
 4250206 
 1085884 
 898027 
 5022008 
 3459340 
 4693493 
 941658 
 1123947 
 5053927 
 2744673 
 984456 
 1165768 
 3645420 
 3379299 
 1860627 
 4223604 
 1027913 
 3235485 
 1668809 
 3650483 
 1064885 
 2400774 
 1408718 
 1218843 
 3219063 
 4309615 
 1101879 
 1224596 
 4335802 
 3491265 
 3565438 
 1144427 
 1268119 
 5076236 
 3861608 
 4340888 
 1186469 
 3634634 
 1311599 
 1386758 
 3887930 
 3655745 
 1258135 
 1381801 
 3501546 
 4538033 
 1461927 
 1279004 
 3728944 
 4495413 
 2237664 
 3251137 
 1316628 
 5086698 
 3914002 
 3765318 
 3126997 
 2325957 
 1772419 
 4624409 
 1545815 
 2504086 
 2286483 
 1905518 
 3797305 
 4154771 
 3437933 
 2247708 
 3186196 
 3512454 
 4820241 
 2076672 
 2652221 
 2204515 
 4909824 
 1816136 
 1418662 
 3321234 
 2164252 
 1838915 
 4197366 
 3326414 
 1877156 
 1456493 
 2120443 
 3834687 
 4063267 
 2142189 
 4570258 
 5156571 
 5097172 
 4410017 
 4111329 
 1498814 
 2619965 
 3877683 
 4490168 
 4995859 
 4319845 
 3533392 
 4116459 
 4532841 
 3723743 
 3272271 
 4425913 
 4815177 
 3692634 
 3988749 
 4608065 
 3872126 
 1674359 
 3702849 
 4020892 
 4640241 
 3629205 
 1503797 
 4228686 
 4026381 
 4683154 
 3094582 
 3744400 
 4730561 
 4351329 
 2603731 
 5129294 
 3676939 
 4894559 
 4761635 
 4751269 
 3607445 
 3591455 
 3175895 
 4799114 
 2956773 
 4715143 
 4709946 
 3299706 
 4831311 
 3781163 
 2021006 
 4176226 
 4554263 
 2775551 
 4863786 
 3507142 
 5124124 
 3967770 
 4884029 
 4889172 
 5167540 
 3792028 
 4415106 
 3246108 
 4100706 
 4920374 
 5017007 
 5140132 
 3962087 
 3808098 
 4936708 
 3266861 
 4479085 
 4793035 
 3919614 
 4207950 
 4969576 
 4272322 
 5281797 
 3331498 
 5001129 
 4447237 
 3517520 
 3020807 
 3802781 
 3294180 
 3041467 
 4132921 
 5065025 
 3813575 
 5037789 
 4074154 
 3850919 
 4804285 
 3956545 
 5070640 
 3623502 
 4256013 
 3214044 
 4858137 
 4233994 
 5113493 
 4656417 
 377084 
 5162193 
 4127717 
 1588618 
 2059895 
 5210698 
 3770858 
 4047332 
 3448572 
 5200121 
 3882786 
 5172611 
 3528217 
 2808614 
 5232595 
 4283106 
 4431447 
 4899641 
 3776015 
 5243201 
 3132172 
 5151359 
 4586627 
 5260079 
 3908961 
 4931741 
 3358485 
 4330396 
 5270690 
 3739044 
 2786815 
 4239137 
 3208794 
 5298633 
 3613059 
 3845389 
 2871548 
 5194873 
 3866661 
 5303658 
 4613624 
 4564948 
 2009594 
 2984061 
 1975603 
 3474943 
 3305079 
 4964557 
 3829478 
 4527572 
 3384572 
 4746143 
 5309146 
 4218678 
 3733885 
 4990831 
 4244288 
 5315043 
 4005094 
 3443118 
 3818914 
 4516756 
 5320323 
 4618963 
 5254228 
 4458210 
 4980276 
 3639907 
 5326075 
 4952971 
 4079148 
 4645859 
 4947408 
 2755908 
 3749504 
 1750227 
 5108272 
 3697661 
 2711854 
 4915239 
 4382827 
 4261284 
 4165881 
 2674196 
 2481958 
 3596918 
 4314669 
 3052223 
 2636149 
 1530549 
 3287953 
 4677580 
 3416778 
 2598152 
 2824221 
 3586531 
 3994314 
 2214881 
 3839937 
 5134693 
 2564186 
 4463662 
 2803295 
 3760261 
 3363600 
 5011622 
 2525553 
 4787694 
 2553609 
 1997747 
 3940560 
 5265571 
 2487863 
 4777382 
 5059401 
 3544318 
 2967535 
 2443791 
 4852816 
 3929785 
 5177826 
 2935357 
 2406149 
 4878862 
 4288258 
 2818891 
 5091858 
 2379405 
 1777972 
 2855161 
 5221054 
 3687146 
 3707909 
 2341542 
 2104014 
 2898036 
 4836989 
 4031551 
 3903819 
 2663016 
 2302798 
 3480562 
 5287260 
 4974937 
 3454027 
 2780809 
 2275834 
 5188506 
 2542097 
 3336766 
 2766487 
 2797506 
 2242721 
 4304428 
 5027558 
 2924639 
 3660986 
 2187036 
 2739607 
 2882243 
 3181057 
 4868897 
 2136897 
 3148472 
 2147239 
 3282435 
 4138205 
 2734057 
 2081674 
 2844744 
 3373936 
 2728678 
 4591946 
 2037721 
 3671793 
 2706884 
 4069064 
 2829329 
 1980792 
 2641234 
 3229895 
 2031275 
 2695902 
 1938011 
 3067759 
 2690717 
 1403006 
 3078678 
 3025900 
 2669102 
 1893491 
 2876946 
 5276168 
 3137686 
 1855344 
 3893381 
 4634592 
 4873771 
 3666517 
 1805328 
 3368663 
 2849879 
 2860544 
 1744697 
 1615066 
 4052511 
 3099590 
 2919195 
 1692553 
 4293732 
 2994518 
 3485928 
 1641875 
 2908300 
 3581044 
 4672195 
 2989264 
 4122100 
 1598975 
 372713 
 4186764 
 4505749 
 3576007 
 1556978 
 2892876 
 4958400 
 3951515 
 4149158 
 1514397 
 3856119 
 2657884 
 2946115 
 2336200 
 1472235 
 2630173 
 4277731 
 2887375 
 2962497 
 1435051 
 4602454 
 5226714 
 3983520 
 3560247 
 685060 
 3400516 
 3972963 
 2180652 
 2813807 
 615142 
 3946121 
 4388090 
 2624951 
 4559840 
 1932001 
 3411618 
 3712957 
 4160789 
 540762 
 4575300 
 4782642 
 2760940 
 2999855 
 1888323 
 1488020 
 449543 
 1630977 
 2723503 
 1832867 
 4213478 
 4202686 
 1788486 
 2685342 
 4171079 
 2259544 
 2930292 
 1739014 
 2646294 
 3164951 
 4299024 
 3036181 
 1682930 
 2613995 
 4847546 
 2608657 
 2679135 
 1636070 
 2592697 
 4377722 
 2570395 
 4436905 
 1593931 
 2839563 
 2913608 
 4772045 
 2536711 
 2587732 
 1551355 
 5237566 
 2497664 
 2575713 
 3554878 
 1509344 
 4756300 
 2558663 
 2454551 
 3935262 
 1466931 
 2547049 
 3031023 
 2422431 
 4372343 
 1424566 
 3823945 
 1572514 
 2530471 
 2390222 
 1392173 
 3005007 
 2514354 
 4143506 
 2951456 
 2357847 
 652120 
 4985577 
 5293438 
 3083909 
 578052 
 2331043 
 476704 
 4942051 
 2519910 
 4452620 
 4766963 
 2509330 
 2701903 
 2492781 
 2471127 
 5145382 
 3538849 
 2476465 
 2717370 
 2776750 
 5118724 
 3999718 
 2459643 
 3618225 
 2448328 
 2771852 
 4904572 
 2292074 
 4361707 
 2416863 
 2395264 
 4015586 
 2384877 
 4181473 
 2352646 
 391760 
 1445748 
 2320336 
 2254313 
 1915566 
 5183237 
 2346800 
 2209676 
 2175640 
 3682038 
 4651274 
 3256422 
 1620339 
 2131042 
 4666746 
 4468846 
 4420421 
 4356314 
 4399308 
 4842136 
 1794459 
 2097719 
 4057776 
 2054926 
 1970592 
 3718157 
 1755859 
 2972932 
 2014773 
 2087651 
 4367172 
 4095286 
 1964246 
 1658383 
 4704296 
 1701928 
 1926913 
 2750256 
 3116337 
 3405829 
 1647259 
 1882206 
 4500742 
 4473968 
 1604166 
 1849025 
 4089611 
 4688203 
 4346004 
 1562018 
 5006089 
 4404898 
 2297655 
 1799891 
 3010162 
 1519929 
 4825823 
 1872113 
 5081696 
 1761179 
 1482602 
 5248842 
 3154270 
 1712578 
 5048968 
 4521923 
 1766889 
 1652433 
 1440651 
 2264513 
 2438335 
 4442195 
 1609694 
 1397787 
 2221164 
 2782796 
 1567184 
 4192006 
 1371053 
 1525530 
 3898369 
 2170522 
 1365815 
 1477628 
 657711 
 2192305 
 2125776 
 1429954 
 1360386 
 619963 
 3046907 
 2092599 
 5102506 
 365443 
 4036959 
 2048254 
 1827480 
 4042159 
 1354959 
 1577821 
 2004333 
 3978545 
 4581242 
 4597053 
 1535395 
 1959210 
 4720246 
 1349854 
 4325064 
 1493654 
 1910567 
 2464605 
 3062754 
 1450679 
 1865776 
 3197943 
 3924620 
 694570 
 1413710 
 1821448 
 5205164 
 4549140 
 582944 
 668195 
 1783121 
 5043405 
 4484815 
 679025 
 631174 
 1732781 
 3073134 
 642084 
 4629398 
 587958 
 1720647 
 1663500 
 604433 
 551188 
 5032767 
 5216016 
 689149 
 562055 
 514205 
 1376840 
 2280773 
 546012 
 663096 
 2411443 
 684040 
 508978 
 487616 
 625679 
 673685 
 647132 
 460324 
 636474 
 593681 
 444133 
 610137 
 599167 
 433391 
 556445 
 567032 
 572322 
 386429 
 519250 
 524793 
 417379 
 529737 
 375877 
 493245 
 482434 
 407017 
 534599 
 498280 
 455079 
 438378 
 370503 
 465720 
 428413 
 503308 
 412149 
 422707 
 699012 
 396999 
 365429 
 470824 
 381157 
 2026229 
 2043114 
 1948408 
 4809930 
 3754986 
 1992678 
 2153595 
 2432787 
 3469779 
 962430 
 2064817 
 2114134 
 1987516 
 3786764 
 3159625 
 925549 
 1625880 
 1844085 
 2158791 
 2071610 
 1942612 
 4926097 
 2226544 
 4010577 
 3570912 
 3602488 
 2270596 
 882298 
 1954010 
 4266560 
 3342008 
 833484 
 1327070 
 3549421 
 4735757 
 2197668 
 3522794 
 1273809 
 791399 
 3496459 
 1583243 
 3432639 
 1247548 
 1181161 
 736923 
 1810856 
 3143219 
 711094 
 1540750 
 1139282 
 4725446 
 3464425 
 1898795 
 3395424 
 4698748 
 2581473 
 1096842 
 3427319 
 4740929 
 2314498 
 2308535 
 3389837 
 2362816 
 3347437 
 2231538 
 3353373 
 4394118 
 4084486 
 3111225 
 1349108 
 1322057 
 3315722 
 4511037 
 3310594 
 1289527 
 1284061 
 1043710 
 1343967 
 3277336 
 1234872 
 1242055 
 4661512 
 699467 
 1006410 
 1202483 
 1196983 
 1300211 
 951705 
 3240695 
 1252629 
 3203555 
 903787 
 3261670 
 1208282 
 3170495 
 3121662 
 866747 
 3089049 
 1170952 
 3057406 
 3015463 
 1160804 
 3224472 
 1118397 
 817511 
 2978339 
 2940535 
 1338420 
 1080644 
 768824 
 2903126 
 2866048 
 1294502 
 1191986 
 1128966 
 1038643 
 1229576 
 726937 
 2834540 
 1332256 
 679719 
 1000738 
 1149746 
 1306249 
 1263186 
 1175990 
 1112500 
 1213604 
 1091688 
 1155300 
 1133927 
 1075672 
 4105727 
 1059883 
 1107386 
 1054198 
 1032959 
 968023 
 1070345 
 990097 
 1022291 
 995544 
 1016583 
 957478 
 930464 
 973963 
 946660 
 979417 
 909376 
 887667 
 919767 
 914394 
 935769 
 861594 
 839036 
 877313 
 828523 
 872259 
 893063 
 801465 
 850302 
 731941 
 2427386 
 823330 
 742321 
 845199 
 807182 
 785619 
 674569 
 706062 
 796406 
 747567 
 763770 
 780214 
 753018 
 758660 
 721717 
 1364778 
 695651 
 716197 
 700829 
 690489 
 1359424 
 2369268 
 1354514 
 1370138 
 1375472 
