 15868 
 12580 
 9378 
 19397 
 23153 
 26801 
 30997 
 36626 
 44818 
 40277 
 46932 
 50921 
 60120 
 54602 
 63600 
 65519 
 67343 
 69337 
 73685 
 76235 
 82489 
 78844 
 80630 
 84508 
 86890 
 88964 
 91402 
 94148 
 96887 
 98920 
 101034 
 106852 
 109518 
 112390 
 114380 
 116332 
 118983 
 121259 
 123577 
 126384 
 128352 
 131758 
 138377 
 140792 
 143771 
 145780 
 147742 
 150941 
 153235 
 158353 
 155825 
 160337 
 164005 
 162201 
 171650 
 178780 
 891234 
 165857 
 169606 
 167820 
 174727 
 1619742 
 176655 
 782900 
 176346 
 1358754 
 1281581 
 1745623 
 1388889 
 1553880 
 872586 
 1642337 
 1568449 
 612288 
 1464488 
 758101 
 854893 
 1283835 
 622999 
 1586082 
 1846451 
 1905854 
 841398 
 943967 
 1729914 
 1267385 
 1246679 
 1602807 
 2210847 
 824242 
 982471 
 1305778 
 1434391 
 1627006 
 874836 
 808149 
 2017829 
 1228761 
 666132 
 1702594 
 739136 
 790021 
 2136671 
 1831943 
 720195 
 932193 
 774550 
 948607 
 703579 
 593580 
 1491622 
 2103029 
 694811 
 765671 
 1742341 
 1903853 
 677287 
 1622211 
 2184483 
 602311 
 1617718 
 658921 
 881783 
 1791059 
 1368276 
 1109316 
 638742 
 1286306 
 1767976 
 1494020 
 616375 
 1693888 
 741284 
 1645016 
 597554 
 1404093 
 1640134 
 999282 
 1878772 
 1118081 
 2218328 
 1089828 
 1787074 
 1862113 
 1095287 
 747188 
 701517 
 743204 
 1894315 
 1071533 
 1370360 
 732599 
 1408796 
 1055789 
 2001227 
 1634008 
 1802013 
 712015 
 1028583 
 1212717 
 725811 
 685444 
 1011465 
 1366104 
 1015718 
 915310 
 670663 
 989248 
 1722915 
 1260452 
 1848382 
 175601 
 970840 
 1829777 
 1372470 
 1991359 
 957932 
 1557988 
 652024 
 1384901 
 939552 
 1381679 
 2073853 
 633901 
 921509 
 1542815 
 1933559 
 1303810 
 903160 
 620569 
 710097 
 2065938 
 884006 
 2140600 
 605203 
 1392957 
 865674 
 2080936 
 1651270 
 847821 
 1876033 
 582731 
 2036105 
 828469 
 1738057 
 690295 
 296705 
 812037 
 1782303 
 1273628 
 2200689 
 792750 
 285840 
 2003229 
 1086418 
 591698 
 1863968 
 267900 
 2097147 
 1173379 
 1299608 
 1390675 
 251315 
 1556005 
 755947 
 1646957 
 2083605 
 1967816 
 235064 
 927998 
 1481263 
 679256 
 1629808 
 1145671 
 175121 
 292086 
 1709068 
 1919098 
 218198 
 274660 
 1155015 
 673197 
 1258129 
 202564 
 1523714 
 255369 
 1402142 
 2019916 
 185879 
 237376 
 1606571 
 1309870 
 1295190 
 222373 
 174145 
 1127532 
 654125 
 2198650 
 204861 
 1183604 
 910361 
 2174353 
 1752615 
 973718 
 1921157 
 1269525 
 1134487 
 1288678 
 1681888 
 1653660 
 1658410 
 839564 
 1179192 
 2069742 
 1406421 
 1327092 
 1115873 
 1320740 
 1356665 
 1696328 
 1107497 
 1136988 
 636271 
 1078052 
 1082281 
 1734118 
 1197012 
 618421 
 699539 
 795240 
 1226251 
 661147 
 1450690 
 1035838 
 2202837 
 1307657 
 2216159 
 1341798 
 173690 
 1335904 
 1411616 
 2088132 
 1301498 
 2110147 
 1575102 
 1066595 
 1059338 
 1686907 
 1993651 
 1565757 
 1395456 
 1043074 
 1047272 
 2067874 
 1374563 
 1540349 
 861295 
 1038338 
 1322856 
 1024896 
 1239723 
 1275699 
 1022872 
 1577557 
 625545 
 1479279 
 643641 
 1006363 
 2045155 
 1636015 
 1253376 
 1337854 
 2213587 
 991260 
 843302 
 1004103 
 1427549 
 1436707 
 1483167 
 1339913 
 1594926 
 986659 
 1315531 
 1317782 
 675389 
 1759080 
 966008 
 1354644 
 1496543 
 1806351 
 1511063 
 978091 
 1785055 
 629338 
 1684669 
 1720890 
 2177299 
 899324 
 959709 
 2123794 
 1352627 
 2099255 
 1772026 
 941653 
 1363930 
 1608769 
 1526011 
 1168367 
 1441225 
 172213 
 1469279 
 2024532 
 1466477 
 1149863 
 780635 
 1418472 
 2193988 
 2022079 
 1420954 
 294364 
 599901 
 272436 
 253415 
 1103009 
 1725153 
 1177158 
 925968 
 657001 
 1331935 
 233123 
 1432264 
 772088 
 1132513 
 2005177 
 1538342 
 845232 
 1615495 
 1113952 
 1841287 
 1517850 
 1159594 
 901154 
 1793581 
 2204873 
 1100591 
 1962692 
 886219 
 2011886 
 2032010 
 1942311 
 1080356 
 584558 
 869761 
 2144105 
 1061773 
 2042491 
 580463 
 692723 
 723679 
 1045135 
 936065 
 852502 
 997166 
 1233215 
 1139540 
 1880712 
 1026774 
 834622 
 589018 
 1290594 
 919228 
 1008912 
 1170825 
 1379194 
 1199680 
 578276 
 993218 
 816810 
 1151857 
 975806 
 1120413 
 1051038 
 799524 
 170649 
 610335 
 586667 
 1248794 
 953013 
 785276 
 767649 
 1425112 
 934112 
 1098333 
 641726 
 1263207 
 917207 
 749281 
 1074273 
 730195 
 2009979 
 1631814 
 1057559 
 905720 
 708287 
 1041023 
 1416250 
 888726 
 1859332 
 305231 
 1965611 
 1020006 
 867679 
 2053700 
 687631 
 2076633 
 1001460 
 850177 
 1761861 
 1570676 
 668480 
 220187 
 832678 
 984400 
 814376 
 169189 
 968130 
 753688 
 649950 
 797375 
 950704 
 826601 
 705911 
 631722 
 930157 
 778397 
 2191091 
 1889042 
 912782 
 614298 
 727955 
 895147 
 2220502 
 763555 
 595544 
 285848 
 1885067 
 1176739 
 714057 
 745036 
 302591 
 1899120 
 300403 
 697392 
 298607 
 288056 
 283923 
 810058 
 1928639 
 279837 
 277336 
 269997 
 681466 
 2158025 
 264134 
 1960568 
 257324 
 663325 
 1667190 
 249077 
 1957261 
 645593 
 2182114 
 239381 
 231217 
 1982969 
 776443 
 224352 
 259554 
 734701 
 1944909 
 760879 
 241933 
 1873564 
 289897 
 207285 
 282020 
 262264 
 226558 
 212147 
 188630 
 244295 
 198961 
 169656 
 209936 
 193483 
 191008 
 214097 
 229165 
 195331 
 172132 
 167491 
 183801 
 200771 
 216275 
 179304 
 166732 
 181713 
 246530 
 197138 
 265983 
 1092681 
 1980750 
 1143394 
 1349849 
 908297 
 1164477 
 1590084 
 1592696 
 717922 
 1988794 
 924083 
 1017629 
 1244059 
 1297627 
 1456873 
 946497 
 1329881 
 1271617 
 1250860 
 1123337 
 963973 
 1671199 
 1192169 
 1231310 
 1984800 
 980347 
 1237332 
 596890 
 1473931 
 2063671 
 1265418 
 995071 
 581424 
 736698 
 1172525 
 2207360 
 1013686 
 1278255 
 1214912 
 1344989 
 1521666 
 1313205 
 1536333 
 557014 
 2090698 
 1506314 
 541259 
 1218843 
 1489412 
 1255772 
 1111388 
 1210127 
 523418 
 751411 
 1588055 
 1130415 
 1168106 
 893176 
 304051 
 1205932 
 500625 
 1986734 
 1579988 
 1147907 
 579234 
 769669 
 2186588 
 1476476 
 1166401 
 1241653 
 562878 
 955444 
 1461440 
 1347760 
 594589 
 1716031 
 483156 
 545811 
 586013 
 1446675 
 787770 
 1901337 
 529267 
 564841 
 1158223 
 1452890 
 1750494 
 507896 
 2078525 
 548163 
 1076167 
 2127650 
 805966 
 464344 
 527123 
 1604663 
 1886997 
 1221551 
 445862 
 1499146 
 505634 
 1584131 
 490479 
 1838655 
 428603 
 1549727 
 2222790 
 471113 
 819131 
 408856 
 488073 
 453412 
 1999283 
 1201618 
 437364 
 388815 
 1545532 
 1655876 
 803449 
 421363 
 369306 
 1930964 
 468710 
 401160 
 1448727 
 381794 
 302377 
 1806705 
 348861 
 1946930 
 358927 
 450693 
 327240 
 1194395 
 1613603 
 330370 
 434922 
 1207938 
 1949118 
 309682 
 302999 
 416460 
 836840 
 1423095 
 2106040 
 1187762 
 297597 
 830687 
 396465 
 2015961 
 1455000 
 857422 
 1181646 
 376698 
 2071636 
 2093364 
 1519730 
 877094 
 1154120 
 352236 
 1551964 
 1175275 
 1727806 
 1185616 
 2163141 
 1870890 
 1513476 
 1638256 
 1911078 
 324703 
 2029684 
 2152856 
 1397978 
 1691310 
 961662 
 1813764 
 1756475 
 1673257 
 1157406 
 1163043 
 1883137 
 647800 
 299707 
 2034022 
 1508679 
 1031317 
 1504228 
 1954958 
 1399899 
 821713 
 305478 
 1160820 
 2049297 
 1915109 
 1386880 
 1560722 
 300898 
 1836555 
 1413937 
 588806 
 1053261 
 1908375 
 1978647 
 1376909 
 569553 
 2013850 
 1049205 
 555058 
 533509 
 2085847 
 1572639 
 1064333 
 1996066 
 1529268 
 1600714 
 2026999 
 1084098 
 1754574 
 1471642 
 1515579 
 1105672 
 627428 
 1973814 
 2167552 
 1935760 
 1125411 
 859319 
 1923334 
 2007361 
 1678009 
 1141591 
 683620 
 1777482 
 1582021 
 1665056 
 1162394 
 607635 
 1747783 
 1816645 
 1324904 
 1669303 
 1825139 
 716118 
 2040094 
 2061544 
 1852867 
 1165364 
 1438950 
 1770089 
 2155560 
 2095271 
 1611406 
 1235355 
 1533950 
 801321 
 1765717 
 2165249 
 1913044 
 1223912 
 1203986 
 1485292 
 1711596 
 1774315 
 1976088 
 1868707 
 576990 
 2051452 
 1563605 
 298730 
 1818732 
 560672 
 1458927 
 2188642 
 1713803 
 1189898 
 1953108 
 1501883 
 1925573 
 2196194 
 1718659 
 2160873 
 1896495 
 1361215 
 1156139 
 1174451 
 1216851 
 292726 
 2037975 
 2058806 
 2150315 
 543451 
 1069024 
 1740057 
 1443904 
 1649017 
 525258 
 590794 
 1033394 
 1803996 
 1430334 
 2047152 
 1706708 
 1850730 
 512666 
 494353 
 2101118 
 2171804 
 297007 
 592619 
 418953 
 1700433 
 1624523 
 572375 
 1951012 
 475675 
 458299 
 2169606 
 1797672 
 574619 
 440000 
 1854698 
 1531493 
 399059 
 1856889 
 1827862 
 552316 
 1736053 
 535903 
 379294 
 1939997 
 1170500 
 516407 
 355453 
 496622 
 1866362 
 1811111 
 332829 
 1679986 
 477996 
 456239 
 1779944 
 311849 
 1799864 
 1834318 
 1937830 
 283748 
 432891 
 539260 
 1820862 
 558847 
 411656 
 1698292 
 1704820 
 2132553 
 519606 
 391160 
 2119220 
 2147859 
 1969787 
 498683 
 371661 
 1487532 
 480791 
 502959 
 1795792 
 1891320 
 1763749 
 462272 
 485775 
 2056223 
 1822940 
 1675286 
 443779 
 466296 
 2179916 
 1731838 
 1789098 
 426720 
 448471 
 1917152 
 1663157 
 406203 
 1843669 
 340331 
 430885 
 1971615 
 1689180 
 386460 
 319404 
 1547680 
 1333719 
 293592 
 414094 
 1597590 
 1660765 
 288164 
 393436 
 575525 
 583510 
 879441 
 566886 
 366264 
 550011 
 374289 
 531453 
 509959 
 342904 
 492339 
 345633 
 473528 
 460156 
 314592 
 441783 
 423702 
 403525 
 290527 
 307796 
 322332 
 384096 
 598829 
 294981 
 300631 
 363585 
 335959 
 317052 
 603612 
 863602 
 1292650 
 897373 
 601415 
