 224285 
 378874 
 605944 
 1069571 
 749623 
 1230238 
 912744 
 2297907 
 2454463 
 2217974 
 2376882 
 2531897 
 2684765 
 2764705 
 4121777 
 2843979 
 2608993 
 3232369 
 3604800 
 3076912 
 3378895 
 2998887 
 2922208 
 3454081 
 3907053 
 3830640 
 5008635 
 3529605 
 4197266 
 3969842 
 4931921 
 3304240 
 3153631 
 3678838 
 4348310 
 3752723 
 4549138 
 4777144 
 4045639 
 4435330 
 5084794 
 5159328 
 5308429 
 5235914 
 4854427 
 4625776 
 4702740 
 4272223 
 5381116 
 5605225 
 6060617 
 5680356 
 6290801 
 5455655 
 5833811 
 5984178 
 5757358 
 5909135 
 7240337 
 10113167 
 6213431 
 5530063 
 6137212 
 6568570 
 6335575 
 7680028 
 9099988 
 10530938 
 9174366 
 7098645 
 7389299 
 6490885 
 10044785 
 6413540 
 9026517 
 7169684 
 7550210 
 8359321 
 8434366 
 7985823 
 7911160 
 8734138 
 8508668 
 9244263 
 9387578 
 8135223 
 10252794 
 8952610 
 8804627 
 8283566 
 7314288 
 8210157 
 8581094 
 8060665 
 7463317 
 9535015 
 6951974 
 6646288 
 7024510 
 6878175 
 6800056 
 8654070 
 6722979 
 9831182 
 10391779 
 8878458 
 12582790 
 9979036 
 9608502 
 10461480 
 10601165 
 7763374 
 7839081 
 7626232 
 9461886 
 9316879 
 9682988 
 9757501 
 10322641 
 10182799 
 9905486 
 10744405 
 10675541 
 12873307 
 10814056 
 15331158 
 13061581 
 16243363 
 11203576 
 12332763 
 14150610 
 10952952 
 12509774 
 15962896 
 13521815 
 14635784 
 13452753 
 18694593 
 14220748 
 12919837 
 14423598 
 12990162 
 14081468 
 14012621 
 10883744 
 11064258 
 13171512 
 11133950 
 15260125 
 12051336 
 11981281 
 11344315 
 11554336 
 11840432 
 16868319 
 16519726 
 10994718 
 15614768 
 16730122 
 12192636 
 12122022 
 12405189 
 12262738 
 14844263 
 16660052 
 11414220 
 13593887 
 16590118 
 14290523 
 15755050 
 11628826 
 13100970 
 15685708 
 15052128 
 15401775 
 13802852 
 16450445 
 13944333 
 17987259 
 15120702 
 16799247 
 12802663 
 17638791 
 14775464 
 17777660 
 18551260 
 12658965 
 14913668 
 11769654 
 13664448 
 15824554 
 18478993 
 17428036 
 14705703 
 17847072 
 18622979 
 12731105 
 14983139 
 14566641 
 18058125 
 17497656 
 17568297 
 18266265 
 18766205 
 17078303 
 11274089 
 17357759 
 11910924 
 13381942 
 13733742 
 16937619 
 18837472 
 17008054 
 14491150 
 18126344 
 11483903 
 11699358 
 13241042 
 16105053 
 18195647 
 17147823 
 18407651 
 17916401 
 17287922 
 15475301 
 17217700 
 14354081 
 15189711 
 16031992 
 16312628 
 18337016 
 16381270 
 13873624 
 17708788 
 15894210 
 13310816 
 15544815 
 18905157 
 16174232 
 18973772 
 19042937 
 41364139 
 19247922 
 41435104 
 41293785 
 41223789 
 36828749 
 41153770 
 41576496 
 37018398 
 37221825 
 37837153 
 38267414 
 41010503 
 37980259 
 39658959 
 19316869 
 38052597 
 41647286 
 39800572 
 40938325 
 41082657 
 35798079 
 19385944 
 19455959 
 19811629 
 19528012 
 28959807 
 30163981 
 19741350 
 19598974 
 32308997 
 29952032 
 32596729 
 19952475 
 32450310 
 31737769 
 31952338 
 32166686 
 30448388 
 31020309 
 30022522 
 37437011 
 38480232 
 30595973 
 35942098 
 31880976 
 31594933 
 32379197 
 32023987 
 31446022 
 29811312 
 38337913 
 38551837 
 30738783 
 30879950 
 29600373 
 30305902 
 31373755 
 31161268 
 33229524 
 31302234 
 29381983 
 29741126 
 29453493 
 29241179 
 37077688 
 35303773 
 33514563 
 30092785 
 37564304 
 28818509 
 32949077 
 36756766 
 33088777 
 28889801 
 33158594 
 34604793 
 36086257 
 35444601 
 29030106 
 35161982 
 35655868 
 35233022 
 28576939 
 30950207 
 32096056 
 34878927 
 31522543 
 36398215 
 33726611 
 33797163 
 34222554 
 34008909 
 33938346 
 19881979 
 19984984 
 31090470 
 32237995 
 29529986 
 33018989 
 33656133 
 32738037 
 32525879 
 32808166 
 34080174 
 33867788 
 33443058 
 34151250 
 30667415 
 19670810 
 33371631 
 33300861 
 36236735 
 32667517 
 35090950 
 32878734 
 29881415 
 36542175 
 31809403 
 36159085 
 33585552 
 31666196 
 31231660 
 30524344 
 30234970 
 30809378 
 36613862 
 29171038 
 35726177 
 36469714 
 29670937 
 30376967 
 35374127 
 36685321 
 29311723 
 28319008 
 28740298 
 28661363 
 19178687 
 29100457 
 36014044 
 19110011 
 35019793 
 35870293 
 35515156 
 28475309 
 28006104 
 28162150 
 27851074 
 27541605 
 27697646 
 25449773 
 26065751 
 25682643 
 22641083 
 40724364 
 35585553 
 40794815 
 40653821 
 40583131 
 40511936 
 24356741 
 28239933 
 28083419 
 25371266 
 28397322 
 25214741 
 25835776 
 27308546 
 21204045 
 24123322 
 24745874 
 26923976 
 21343908 
 22950164 
 21785566 
 27231498 
 25912639 
 23574334 
 24433550 
 23261388 
 27774216 
 25759189 
 22795998 
 25605884 
 23416656 
 25528535 
 26376767 
 26533872 
 27928596 
 24278888 
 21065250 
 21485661 
 22326415 
 24823541 
 22173403 
 25293169 
 27462482 
 23734295 
 27000686 
 24668375 
 24979544 
 25136084 
 24901494 
 26220209 
 26769434 
 27385349 
 25057557 
 23968719 
 23812992 
 27077639 
 26847244 
 26691365 
 26613281 
 26455357 
 26298469 
 23890891 
 24045640 
 24200837 
 23654435 
 26142310 
 25989094 
 24590887 
 27620023 
 27154269 
 36329421 
 23027683 
 22019606 
 22485523 
 24512192 
 23183613 
 20922982 
 23105243 
 23495456 
 23339120 
 20782151 
 20333779 
 22872853 
 21942816 
 21631491 
 21135212 
 20994251 
 20852630 
 22563042 
 22719109 
 34291013 
 38124540 
 20640768 
 34500144 
 20194869 
 34222602 
 20496164 
 22096118 
 20415268 
 21273899 
 22402980 
 20054916 
 22249849 
 21864368 
 20711475 
 20124081 
 21708521 
 21555407 
 34362286 
 34433565 
 21414332 
 20264366 
 34535214 
 34329625 
 34504824 
 34394695 
 34465428 
 36950075 
 20568510 
 34810712 
 34739482 
 37697711 
 37908251 
 37294170 
 41505843 
 34671238 
 38196009 
 38408507 
 37149794 
 37767145 
 41862059 
 37626158 
 40866193 
 40369235 
 36888992 
 37365480 
 37506805 
 41790478 
 39304197 
 41718767 
 34949094 
 39233782 
 40156465 
 40084922 
 39942384 
 40013329 
 38949340 
 39516529 
 39871594 
 39375094 
 39587674 
 39092583 
 40441161 
 42206105 
 42134688 
 42488138 
 39163468 
 39729899 
 39446044 
 43706871 
 38595875 
 40227553 
 43636280 
 42824324 
 38736375 
 41892449 
 38666115 
 43235533 
 41991164 
 42063077 
 42617244 
 40298251 
 43777485 
 42960222 
 44738539 
 43282543 
 42687907 
 43030836 
 42894218 
 42419292 
 43919300 
 44234153 
 43989843 
 43848860 
 44161540 
 42348477 
 44378256 
 44085668 
 42277511 
 44306375 
 38877608 
 43423503 
 38806681 
 43353075 
 43098014 
 39020974 
 44593838 
 44522142 
 43291266 
 44666205 
 44450523 
 41919221 
 45389761 
 45243753 
 42758198 
 43564469 
 45315624 
 43493960 
 42553659 
 49828485 
 45100960 
 45171792 
 43168723 
 52933254 
 45461968 
 50755259 
 47473175 
 45533692 
 45029139 
 45690765 
 44885976 
 44813104 
 44957169 
 49256698 
 46534418 
 52425260 
 62328803 
 46326458 
 45762559 
 45834629 
 48472935 
 45906392 
 50399787 
 56209978 
 48115566 
 48257159 
 46255227 
 64879265 
 51464332 
 63646453 
 51966208 
 51606685 
 51179991 
 59899388 
 61234602 
 46045938 
 48614864 
 56498481 
 52132940 
 52788072 
 62474841 
 64442958 
 48400306 
 47900720 
 51393324 
 53064466 
 59254717 
 59685226 
 63933420 
 62914903 
 58753839 
 65165043 
 47971715 
 50470684 
 52353381 
 46757745 
 47117993 
 51250764 
 48758613 
 52209327 
 50114552 
 50043261 
 46974046 
 55047267 
 61756498 
 55556598 
 64808042 
 56885877 
 49041944 
 60123670 
 54462179 
 53314489 
 53678456 
 47189889 
 46606632 
 53750695 
 54754051 
 55120551 
 53963549 
 57101415 
 54033796 
 57609637 
 60042014 
 49613309 
 50329230 
 61827798 
 55338862 
 55848107 
 54246463 
 48544332 
 60223177 
 63354043 
 45976853 
 48971105 
 53099720 
 57532695 
 62695780 
 61684175 
 49542278 
 59613547 
 53386852 
 54390530 
 60439570 
 65093524 
 57245830 
 59470125 
 63134563 
 51751268 
 53604357 
 53821908 
 54175417 
 58251017 
 53005064 
 54318463 
 48186346 
 52568975 
 51679252 
 54607400 
 53531534 
 54900685 
 63281162 
 51322060 
 50541639 
 52496936 
 51037644 
 46903177 
 52039921 
 54680718 
 55194437 
 55993344 
 59541604 
 50612599 
 51108584 
 56138449 
 46830587 
 52642265 
 47758810 
 47829851 
 50186233 
 58609149 
 53892829 
 59326574 
 51823109 
 49756803 
 56426130 
 56591160 
 57174237 
 62841765 
 57317787 
 57461388 
 57681568 
 47402737 
 57823909 
 55266682 
 56282031 
 58393137 
 58038153 
 50966885 
 60943564 
 58108941 
 54533807 
 54827520 
 54974217 
 55702822 
 57894937 
 53170703 
 57029475 
 47687413 
 47615222 
 59182991 
 60367710 
 57966701 
 47045873 
 64664461 
 55406669 
 55920559 
 58179909 
 62255720 
 61308453 
 65237373 
 62401404 
 60872055 
 46187461 
 58967992 
 59970814 
 56957892 
 60728453 
 46116376 
 52860677 
 47544123 
 51535020 
 56666850 
 49328503 
 58825167 
 50896137 
 48327742 
 49684992 
 56354678 
 52715223 
 51894528 
 49185197 
 58536088 
 62988425 
 62113181 
 60584064 
 64077840 
 58464353 
 61087023 
 64151284 
 63860937 
 59110855 
 63207552 
 61899592 
 48043853 
 61610889 
 64223763 
 64296838 
 63717864 
 64370368 
 63573874 
 55629635 
 64005334 
 61014818 
 46684700 
 49470912 
 48829842 
 55775842 
 58896473 
 59827969 
 47332681 
 62768314 
 63427197 
 49399856 
 61455738 
 63061430 
 64736749 
 62041960 
 64590159 
 62621718 
 61160990 
 63789422 
 61536409 
 48900347 
 60656537 
 61381742 
 56065868 
 62548030 
 56813966 
 58682145 
 59039513 
 52281440 
 59398232 
 57752535 
 47261983 
 50683930 
 49899909 
 49971599 
 53241866 
 45619031 
 55483391 
 56741052 
 58322270 
 46464661 
 45546606 
 50257919 
 63500047 
 60511478 
 65021944 
 62184081 
 64516102 
 48687241 
 50825816 
 49112816 
 59756664 
 57389617 
 60800032 
 61970820 
 60295620 
 46395449 
 53459335 
 54104529 
 73062525 
 71153217 
 64950735 
 72904736 
 72214648 
 65309534 
 73062217 
 72985610 
 65528603 
 71230442 
 65455468 
 71175920 
 66101596 
 65382842 
 72138718 
 72216405 
 72445885 
 72678231 
 71983616 
 72875462 
 72804763 
 72368032 
 72600673 
 65959318 
 65601343 
 65887337 
 66462484 
 66546229 
 65672398 
 65744515 
 66866858 
 66030683 
 67254402 
 66314194 
 66172219 
 65815912 
 72062277 
 68363425 
 66789577 
 66943405 
 71240641 
 68306060 
 66385882 
 68227764 
 66244592 
 68447476 
 68526715 
 67178055 
 67021484 
 71545991 
 71622713 
 66710653 
 67100023 
 71700166 
 66631409 
 67330607 
 71317203 
 67406980 
 71752979 
 67483647 
 68604806 
 68682208 
 68760311 
 68963435 
 71136078 
 67566129 
 67642994 
 67719292 
 67795290 
 67871450 
 67947277 
 68023169 
 68099304 
 68175462 
 68268813 
 68833726 
 68911894 
 68887169 
 69040706 
 71393601 
 72291544 
 71470344 
 69118499 
 72754548 
 69195644 
 69418358 
 69497314 
 69274875 
 69575881 
 69353511 
 70037795 
 70116591 
 70125750 
 70208196 
 70285863 
 70365085 
 69654461 
 71829369 
 69732927 
 69811501 
 69889114 
 71905928 
 70443714 
 70521954 
 70598897 
 70675003 
 70752808 
 72522954 
 70830845 
 70908577 
 69967409 
 70985509 
 71061894 
