 370322 
 333497 
 73885 
 405742 
 441455 
 614646 
 510939 
 545544 
 476893 
 683475 
 2260047 
 649266 
 579794 
 763757 
 2046584 
 1029596 
 2313732 
 2327595 
 2281328 
 2297853 
 2958927 
 2845580 
 2459492 
 2380683 
 2345631 
 2363415 
 2413412 
 2618016 
 2441585 
 2495181 
 2601549 
 3636264 
 2672172 
 2425786 
 2476937 
 2862144 
 2398154 
 2513385 
 2792500 
 2827796 
 4327551 
 4429825 
 2707528 
 2547570 
 3526590 
 2583483 
 3995478 
 3745612 
 3923997 
 2743163 
 2529664 
 2774524 
 2725222 
 2689544 
 4242333 
 3852119 
 2898150 
 2905584 
 3691250 
 4013393 
 3959632 
 4141079 
 3869722 
 3581603 
 4048845 
 3906192 
 4191671 
 4474149 
 4378923 
 3093235 
 3816388 
 3010069 
 4457235 
 3673119 
 3834223 
 2810512 
 4525189 
 2565694 
 3022291 
 2923423 
 4395848 
 3798738 
 4412909 
 3417508 
 3110957 
 3344519 
 2654713 
 3763201 
 2636157 
 2761033 
 4344750 
 3654143 
 3727412 
 4138962 
 2992313 
 3362831 
 3563464 
 2879922 
 3977774 
 3489988 
 3471425 
 3235322 
 4157660 
 4361940 
 3709058 
 4491152 
 2973743 
 3290294 
 3508558 
 3399062 
 2941351 
 4293504 
 4508142 
 4447241 
 3941890 
 3019956 
 4084843 
 3164545 
 4031164 
 3780946 
 3028185 
 3037740 
 3453503 
 4066654 
 4120857 
 4553622 
 4225480 
 3182279 
 3599800 
 4785299 
 3308193 
 3617902 
 3887740 
 4208538 
 4513387 
 5060679 
 4174796 
 3326633 
 3271500 
 4259356 
 3129080 
 4102571 
 3074176 
 3217675 
 3146906 
 4276378 
 4994164 
 4523549 
 3380891 
 5077408 
 4310680 
 4768785 
 4537972 
 3544846 
 4536651 
 3435077 
 3253127 
 4977335 
 3199806 
 4536292 
 4587183 
 4689511 
 4519380 
 5011454 
 4753553 
 4521234 
 5028236 
 4910696 
 4852491 
 4818935 
 3055461 
 4886952 
 4943573 
 4835935 
 4153812 
 4802579 
 4655775 
 4638952 
 4927459 
 5044448 
 4530982 
 4719082 
 4604830 
 4869431 
 4569788 
 4622038 
 5270301 
 5093874 
 5333198 
 4704437 
 4672967 
 4768222 
 5237199 
 4736486 
 4879218 
 4960549 
 5221463 
 5205159 
 5110219 
 5142952 
 5285157 
 4895670 
 5126883 
 5318654 
 5155036 
 5940162 
 5471173 
 5907571 
 5188317 
 5971879 
 5253814 
 5172127 
 7918108 
 7602610 
 5301976 
 7126595 
 5492159 
 5955087 
 5349304 
 5988471 
 5640617 
 7639254 
 7674565 
 7865895 
 7813608 
 6702047 
 6787935 
 5724979 
 5674521 
 6991025 
 5392680 
 5359208 
 5526726 
 7726818 
 7761826 
 5657321 
 7952509 
 6599605 
 6889287 
 7796736 
 7691732 
 7779354 
 5873781 
 6021081 
 7177594 
 5586336 
 7058703 
 6005310 
 7969651 
 5376034 
 7883604 
 5623388 
 5551387 
 5589123 
 8021165 
 7024836 
 5437456 
 6445085 
 5423512 
 5488328 
 7583226 
 6839152 
 7528844 
 8004140 
 5857010 
 5454997 
 5890735 
 7419730 
 7470409 
 5808336 
 5408411 
 5568443 
 6237771 
 7504051 
 7986878 
 5509251 
 5758071 
 7744323 
 6650902 
 7848561 
 5791566 
 7160561 
 7211578 
 5774530 
 5824803 
 7246793 
 5606558 
 6072388 
 5691457 
 6055110 
 6084644 
 6084409 
 5923195 
 6392873 
 6341048 
 7830915 
 6037831 
 5741717 
 5544339 
 6203867 
 5707854 
 6514607 
 5841296 
 7901087 
 6135596 
 5561341 
 6169601 
 7281425 
 7709454 
 7453449 
 6480175 
 7316961 
 7656645 
 7487350 
 7075531 
 6957091 
 6855850 
 7555891 
 7620299 
 6634142 
 6427535 
 6497409 
 6719217 
 6770758 
 7007869 
 6220897 
 7368876 
 6565515 
 6906350 
 6254955 
 6375741 
 6305946 
 7109462 
 7143742 
 6753776 
 8254527 
 6067331 
 6288873 
 8187661 
 7351652 
 8237440 
 8204643 
 8383387 
 6821889 
 7935096 
 8272136 
 7264066 
 6974120 
 6872574 
 7228791 
 8320025 
 6358321 
 6940129 
 6804834 
 6582374 
 7436491 
 6410461 
 7299086 
 6667743 
 8288540 
 8321723 
 6462819 
 6736234 
 6152609 
 7092372 
 8508145 
 8524807 
 8102719 
 8392535 
 7194392 
 8069063 
 8558561 
 7041724 
 6101434 
 7385548 
 8298750 
 6548330 
 8305387 
 8052397 
 6685093 
 8338227 
 8119374 
 8352175 
 8366748 
 8474388 
 7334788 
 8085876 
 8148840 
 6323435 
 8165817 
 8131816 
 6186705 
 8181618 
 7402653 
 8393400 
 6616831 
 6271927 
 8422404 
 8221951 
 6531454 
 8332491 
 6923307 
 8440304 
 8349164 
 6118218 
 8192368 
 8491232 
 8315581 
 8366227 
 8383144 
 8037266 
 8251002 
 8267364 
 8282174 
 8405458 
 8575460 
 8457412 
 8541699 
 8375920 
 10218536 
 8591836 
 8608678 
 8659246 
 8676382 
 9433761 
 8774677 
 8807605 
 8642414 
 8840573 
 8625384 
 9503801 
 8708764 
 8824078 
 8890361 
 8941110 
 10493959 
 10337891 
 8924135 
 9521152 
 8957650 
 9041157 
 8974529 
 9192674 
 8991088 
 9107246 
 9061004 
 9469636 
 8856972 
 9007813 
 9087525 
 9141715 
 9528366 
 9555016 
 9024580 
 9605812 
 9622582 
 13239773 
 9124750 
 9572353 
 9364673 
 9347289 
 9381734 
 9486507 
 13271255 
 9589128 
 9295454 
 9330397 
 10406900 
 14415376 
 9278713 
 9639151 
 9158921 
 9313203 
 9398941 
 8791357 
 9175899 
 9416535 
 9209989 
 8725193 
 9467886 
 10024787 
 12648291 
 10041625 
 9227028 
 9244373 
 9261350 
 8873579 
 13289519 
 13307161 
 8907196 
 8691474 
 8758275 
 9450741 
 8741770 
 12664975 
 10578563 
 10058569 
 10074766 
 10252496 
 11909368 
 10389849 
 11805093 
 10785774 
 9649218 
 11840063 
 10460169 
 10596083 
 11010928 
 10477025 
 9665854 
 9682704 
 9699352 
 9716117 
 10700587 
 9732745 
 11701396 
 9749524 
 9766235 
 9783159 
 9799693 
 9816342 
 9832874 
 9849470 
 9866346 
 9883013 
 11752796 
 9899718 
 9916575 
 9933369 
 9950275 
 9967554 
 9984745 
 10001072 
 10016915 
 10855097 
 10221012 
 10372157 
 10443043 
 10751694 
 10544778 
 11892231 
 10527826 
 10613260 
 13323370 
 13809679 
 11926854 
 11822815 
 13827800 
 13845323 
 10084509 
 13340859 
 13604795 
 13358372 
 13863613 
 12744720 
 10101203 
 12761450 
 10117977 
 13375795 
 13393483 
 12778269 
 13881673 
 10285593 
 10134944 
 14380847 
 10665981 
 12812127 
 12829283 
 10958564 
 10734777 
 13899176 
 13658094 
 13675272 
 13411065 
 13428697 
 10151524 
 13446561 
 10168048 
 10185007 
 12846063 
 10201331 
 12863044 
 10269820 
 10872146 
 10768795 
 13464080 
 13481835 
 10282026 
 10320432 
 11396453 
 12014093 
 13916622 
 12879628 
 13499717 
 10354970 
 12197375 
 11962327 
 11309415 
 11857783 
 11581808 
 11547932 
 11497323 
 11182959 
 11062299 
 10510888 
 10424678 
 12913115 
 12929748 
 13516882 
 13535148 
 12946276 
 12962975 
 10648339 
 13933926 
 11874847 
 11045318 
 10993524 
 10820331 
 13952144 
 13552720 
 13570122 
 13587550 
 14351164 
 10631245 
 11513928 
 11530875 
 10561565 
 13727425 
 11165323 
 13969627 
 13745041 
 13987903 
 14006073 
 13622526 
 13640174 
 12996979 
 11130941 
 11079420 
 13013577 
 10717697 
 10682987 
 13030873 
 10837439 
 13046737 
 10802816 
 13062743 
 11216912 
 11292353 
 11344216 
 11361662 
 11096268 
 10906096 
 10268356 
 13079595 
 10923305 
 13114887 
 11944886 
 11148245 
 10889203 
 13132131 
 11787544 
 13150199 
 10940867 
 14015701 
 14220045 
 11735975 
 13168200 
 13692687 
 14319622 
 13709940 
 10976511 
 11326728 
 11615930 
 11430225 
 11463525 
 11378979 
 11028574 
 13185193 
 11113223 
 12231864 
 12248736 
 12265529 
 12283032 
 12299931 
 12317297 
 13761697 
 12351714 
 11480241 
 11632822 
 14622357 
 13779834 
 12368755 
 12385646 
 11565047 
 14267871 
 11598628 
 14366968 
 13203751 
 13221370 
 14254350 
 11199943 
 11239610 
 13258546 
 12402566 
 12419747 
 11666587 
 11257389 
 11275145 
 13798134 
 11649568 
 11683996 
 11718605 
 11770496 
 11979789 
 14117179 
 14033490 
 14205589 
 12081539 
 12098686 
 12432908 
 12115260 
 12132651 
 12149131 
 12447402 
 11413141 
 10303006 
 11446892 
 14049273 
 14066810 
 12164394 
 12030808 
 12048224 
 14084377 
 12064644 
 12180760 
 12214792 
 14134708 
 14169524 
 12489039 
 12505179 
 14102152 
 14302079 
 14237079 
 14152723 
 14187008 
 11996738 
 12534398 
 14284441 
 14337252 
 12457406 
 12472142 
 12521007 
 12558277 
 12334682 
 12590386 
 12549489 
 14398498 
 14432778 
 14447375 
 14604327 
 12575186 
 12606934 
 12622058 
 17083779 
 17055323 
 17071078 
 12632988 
 12681523 
 12697299 
 12712785 
 12728604 
 12795072 
 12896592 
 12979710 
 13097273 
 14636486 
 16107787 
 15693180 
 15658839 
 15520562 
 14463671 
 14481331 
 14499033 
 14516984 
 15348301 
 14534573 
 14551971 
 16210547 
 15780948 
 15089848 
 14569309 
 15227847 
 14586838 
 16235948 
 16634230 
 16546714 
 15399185 
 16340325 
 16442639 
 14654040 
 15158743 
 15296549 
 15434856 
 15469003 
 15185753 
 15606995 
 15728721 
 15867104 
 15987479 
 15141696 
 15262208 
 15202998 
 14671833 
 14689625 
 14707207 
 14724632 
 14742328 
 15365696 
 14759971 
 14777578 
 15503243 
 14795435 
 14813119 
 14830644 
 14839527 
 14866131 
 14883939 
 16305909 
 15641431 
 15832884 
 16039162 
 15901565 
 15798492 
 15918634 
 16073544 
 14901579 
 14918977 
 16021875 
 14936384 
 14954139 
 14971923 
 16141893 
 14990215 
 15007836 
 15025623 
 16124839 
 15043210 
 16227900 
 15061393 
 15079277 
 15193187 
 15710423 
 15097810 
 15117451 
 15144936 
 15169400 
 15953178 
 16201000 
 16159138 
 16056349 
 16218956 
 17255467 
 16176384 
 16391568 
 16245075 
 17169747 
 16253893 
 16494862 
 16477188 
 17186787 
 16973894 
 17042379 
 16374619 
 15219930 
 15884318 
 15313764 
 16357378 
 16651721 
 16460228 
 15451932 
 16839419 
 16564145 
 16322752 
 16408419 
 15237856 
 16719832 
 16770493 
 16599205 
 16425495 
 16581526 
 17238249 
 16990752 
 15254951 
 16529211 
 17220821 
 15290285 
 15307364 
 15325033 
 15341968 
 15359338 
 15375739 
 15392372 
 15408950 
 15425882 
 15175902 
 16956675 
 16822634 
 16616501 
 15555267 
 17008336 
 15107338 
 15244878 
 15400505 
 17025012 
 16703112 
 15763468 
 15072392 
 15970423 
 16923474 
 15417887 
 16907651 
 16262284 
 15055169 
 15572329 
 16183715 
 16787856 
 17117722 
 16288377 
 16271152 
 16668774 
 16939498 
 15272821 
 15745953 
 15210728 
 15382900 
 16736535 
 15331420 
 16511911 
 16873832 
 15537831 
 15675897 
 15486024 
 15624113 
 17100549 
 16856910 
 17134813 
 16004688 
 16890828 
 15815763 
 16686165 
 15435925 
 15850105 
 15589748 
 17204079 
 17152516 
 16090587 
 16804949 
 16193330 
 17137391 
 15124543 
 15279357 
 15936059 
 16753413 
 17378948 
 17396272 
 17081052 
 17073290 
 17090112 
 17106833 
 17123595 
 17413398 
 17140680 
 17157583 
 17174645 
 17191444 
 17430588 
 17447607 
 17464416 
 17208219 
 17225270 
 17097858 
 17481230 
 17242333 
 17259337 
 17276203 
 17293194 
 17498180 
 17515084 
 17310145 
 17327221 
 17582722 
 17613967 
 17532050 
 17548931 
 17566013 
 17599716 
 17582954 
 17599890 
 17344139 
 17362269 
