 110067 
 252555 
 180862 
 319229 
 404036 
 831281 
 638703 
 525293 
 743005 
 954094 
 1089413 
 1155303 
 891952 
 1019936 
 1224689 
 1289170 
 1417498 
 1355604 
 1480353 
 1542880 
 1837783 
 1605220 
 1668478 
 1781842 
 1728752 
 1893310 
 1947740 
 2164730 
 2112036 
 2060636 
 2001484 
 2228304 
 2442900 
 2392598 
 2286593 
 2642525 
 2591458 
 2336837 
 2543094 
 2736167 
 2493094 
 2782140 
 2833239 
 2972472 
 2689738 
 2926131 
 2879422 
 3217979 
 3285771 
 3019402 
 3460344 
 3605283 
 3693676 
 3400509 
 3068330 
 3115082 
 3163085 
 3512057 
 3343865 
 3557555 
 3651268 
 3710745 
 5373120 
 5323664 
 5028654 
 4765141 
 4337745 
 5220053 
 4248377 
 5165430 
 4593852 
 4932119 
 4107986 
 5271271 
 4721311 
 3926330 
 5075479 
 4467870 
 3754796 
 5122202 
 4200681 
 4807685 
 4509663 
 4888698 
 4980344 
 4293210 
 4152190 
 3797890 
 4848149 
 4680190 
 3841129 
 3968990 
 4638243 
 4424037 
 4061082 
 4550440 
 4016807 
 5451455 
 3884244 
 4380915 
